474
0 240 0 539
0 241 0 568
1 239 0 489
1 240 0 551
2 237 0 288
3 237 0 611
3 238 0 453
3 239 0 272
4 239 0 308
4 241 0 536
5 238 0 354
6 237 0 407
6 238 0 324
6 239 0 270
6 241 0 481
6 402 0 608
7 237 0 332
7 238 0 329
7 239 0 404
8 237 0 343
8 239 0 607
9 237 0 451
9 239 0 250
9 241 0 418
10 238 0 277
10 240 0 518
11 240 0 459
12 237 0 504
12 239 0 301
13 237 0 587
13 238 0 458
14 237 0 366
14 238 0 509
14 240 0 593
15 238 0 575
16 238 0 470
16 239 0 598
17 238 0 445
17 445 0 613
18 237 0 707
18 238 0 636
19 237 0 473
19 238 0 468
19 240 0 467
20 239 0 525
21 237 0 454
21 238 0 690
21 241 0 488
21 454 0 578
22 238 0 656
22 239 0 540
22 240 0 389
23 240 0 554
23 241 0 279
24 239 0 681
24 241 0 337
25 237 0 269
25 238 0 706
25 240 0 520
25 241 0 254
27 237 0 651
27 238 0 435
28 237 0 419
28 241 0 475
30 238 0 506
31 239 0 330
32 237 0 266
34 238 0 620
34 239 0 664
34 240 0 265
34 241 0 588
35 237 0 683
35 238 0 264
35 240 0 638
36 239 0 356
37 238 0 348
37 240 0 334
37 241 0 669
38 239 0 694
39 238 0 377
39 240 0 519
40 237 0 628
40 241 0 360
41 239 0 653
41 241 0 637
42 238 0 452
42 239 0 641
42 240 0 556
42 241 0 599
44 237 0 522
44 238 0 528
45 239 0 678
45 240 0 715
46 238 0 547
47 237 0 322
47 238 0 426
47 241 0 388
47 361 0 552
47 552 0 697
48 240 0 700
48 241 0 517
49 237 0 500
50 239 0 480
50 240 0 310
50 478 0 680
51 237 0 505
52 237 0 469
52 239 0 424
52 240 0 275
53 237 0 550
53 240 0 393
53 550 0 614
53 550 1 701
53 550 2 703
53 614 0 716
54 237 0 462
54 239 0 276
55 240 0 585
56 238 0 306
57 237 0 649
58 237 0 286
58 239 0 643
58 241 0 341
60 239 0 498
60 241 0 425
61 237 0 674
61 238 0 561
63 239 0 284
63 240 0 545
63 241 0 273
64 237 0 523
65 237 0 555
66 238 0 396
66 239 0 409
66 241 0 381
68 237 0 251
68 240 0 364
68 241 0 477
69 237 0 446
69 238 0 305
69 239 0 476
70 238 0 346
70 239 0 258
71 237 0 312
71 239 0 387
72 238 0 299
72 240 0 579
72 241 0 485
72 485 0 688
73 239 0 399
74 237 0 302
74 239 0 431
74 240 0 358
75 237 0 298
75 238 0 303
76 237 0 428
76 240 0 289
77 239 0 635
77 240 0 249
77 241 0 352
78 238 0 491
78 239 0 439
78 240 0 394
78 241 0 562
79 237 0 423
79 239 0 503
80 241 0 372
81 238 0 267
82 237 0 335
82 240 0 369
83 240 0 427
84 237 0 294
84 238 0 704
84 240 0 626
85 237 0 450
85 238 0 392
85 240 0 592
85 241 0 573
85 450 0 586
85 450 1 675
86 237 0 405
86 238 0 331
86 239 0 670
87 237 0 705
88 239 0 253
88 240 0 373
89 239 0 460
91 237 0 661
91 238 0 456
91 350 0 493
92 237 0 293
92 241 0 531
93 239 0 619
94 238 0 534
95 237 0 625
96 237 0 571
96 238 0 584
97 237 0 627
97 239 0 650
97 241 0 311
98 237 0 390
98 238 0 374
98 241 0 314
99 241 0 317
100 239 0 402
100 241 0 420
100 402 0 544
101 239 0 565
101 241 0 660
102 238 0 384
102 239 0 386
102 241 0 355
103 237 0 655
103 239 0 634
103 240 0 484
104 237 0 414
105 237 0 549
105 238 0 415
105 240 0 589
105 241 0 557
106 237 0 436
106 239 0 569
106 241 0 512
106 512 0 640
107 239 0 513
107 241 0 537
108 237 0 262
108 240 0 347
109 237 0 600
111 238 0 583
112 237 0 464
112 239 0 515
112 241 0 429
112 429 0 510
112 429 1 532
114 241 0 615
115 237 0 617
115 239 0 403
115 241 0 666
116 237 0 400
117 241 0 328
118 237 0 457
118 238 0 339
118 457 0 632
118 457 1 677
119 238 0 295
120 237 0 601
120 238 0 362
121 237 0 438
121 238 0 257
121 239 0 474
121 240 0 629
121 241 0 582
122 241 0 287
123 241 0 325
124 238 0 443
126 237 0 471
126 238 0 340
128 241 0 529
131 241 0 274
132 237 0 245
132 238 0 524
133 239 0 401
134 237 0 361
134 240 0 526
135 240 0 255
135 241 0 319
136 237 0 574
137 237 0 621
137 239 0 434
137 241 0 282
138 237 0 482
138 239 0 281
138 240 0 652
138 482 0 570
141 237 0 391
141 240 0 633
141 241 0 553
142 237 0 642
142 240 0 465
143 240 0 618
143 241 0 307
144 240 0 577
145 240 0 695
146 237 0 375
146 240 0 397
146 241 0 521
147 239 0 667
148 238 0 497
149 238 0 376
149 240 0 702
150 240 0 416
150 241 0 278
151 237 0 572
151 238 0 502
151 239 0 508
152 239 0 487
152 240 0 567
152 241 0 440
152 487 0 659
152 487 1 684
153 237 0 563
153 238 0 501
153 239 0 560
154 237 0 466
154 238 0 263
155 241 0 248
157 237 0 558
158 238 0 461
158 241 0 541
160 238 0 490
160 239 0 383
160 241 0 535
161 240 0 385
161 241 0 623
161 241 1 682
161 623 0 676
163 240 0 321
163 241 0 430
164 237 0 495
164 239 0 542
164 240 0 581
165 241 0 398
166 239 0 441
166 241 0 590
167 240 0 447
168 237 0 363
168 240 0 527
169 238 0 591
171 239 0 367
171 240 0 300
171 241 0 696
173 238 0 342
173 239 0 658
173 241 0 709
174 237 0 548
174 238 0 283
174 239 0 333
174 240 0 395
174 241 0 671
175 238 0 492
175 239 0 594
175 240 0 323
176 238 0 422
176 239 0 408
176 240 0 290
176 241 0 533
177 240 0 499
177 457 0 699
177 457 1 711
178 239 0 455
179 239 0 514
179 240 0 320
180 238 0 442
181 237 0 259
181 238 0 444
182 237 0 421
182 238 0 478
182 478 0 622
183 237 0 291
183 240 0 345
184 238 0 713
184 239 0 564
184 241 0 597
186 237 0 410
186 238 0 315
186 239 0 382
186 240 0 576
186 576 0 644
186 576 1 685
186 576 2 692
187 237 0 647
187 238 0 717
187 239 0 260
187 240 0 496
187 241 0 580
188 237 0 602
188 238 0 359
189 237 0 698
189 240 0 687
190 237 0 433
190 239 0 412
190 241 0 357
191 237 0 657
191 239 0 411
191 241 0 483
192 237 0 686
192 238 0 365
192 240 0 610
192 241 0 336
193 237 0 406
193 239 0 297
193 241 0 353
194 237 0 292
194 238 0 371
195 237 0 244
195 239 0 379
196 237 0 612
196 239 0 432
196 241 0 604
197 237 0 368
197 240 0 609
197 241 0 268
198 237 0 606
198 238 0 472
198 239 0 280
199 237 0 449
199 239 0 595
199 241 0 486
200 237 0 616
200 239 0 247
201 237 0 663
201 238 0 261
202 237 0 662
203 237 0 679
203 241 0 639
204 237 0 689
205 239 0 296
206 238 0 309
206 239 0 511
207 237 0 646
207 239 0 349
208 239 0 645
208 240 0 417
209 237 0 693
209 238 0 605
209 240 0 304
210 239 0 256
210 240 0 603
211 241 0 648
212 237 0 448
212 241 0 559
213 238 0 380
213 402 0 543
214 241 0 507
215 239 0 327
216 237 0 318
216 238 0 710
217 238 0 437
219 237 0 624
219 238 0 668
220 237 0 338
221 241 0 271
222 237 0 516
222 239 0 344
222 241 0 463
223 240 0 285
225 239 0 350
226 237 0 351
226 239 0 479
226 240 0 530
227 238 0 370
228 239 0 691
229 240 0 494
229 241 0 246
229 454 0 654
229 457 0 708
230 239 0 566
230 241 0 326
231 239 0 538
231 241 0 378
232 238 0 316
232 239 0 672
233 240 0 546
234 240 0 313
235 239 0 413
235 241 0 596
236 239 0 252
450 237 0 665
450 237 1 673
454 237 0 631
478 238 0 630
550 237 0 714
623 241 0 712
