286
123
219.845
51
200
218
260
260
257
125
249
204
135
142
260
218
249
251
218
193
123
218
260
256
260
256
135
193
142
257
208
257
210
142
256
260
271
200
256
256
251
256
256
260
260
236
276
197
199
199
204
209
257
256
142
260
251
218
260
124
142
251
277
257
276
199
197
142
256
142
251
218
218
218
260
260
256
185
199
142
209
257
218
260
218
142
142
142
185
276
204
251
204
260
148
194
260
234
142
260
260
251
251
142
218
210
256
251
257
241
193
218
204
135
218
196
204
256
276
260
204
218
257
260
142
260
206
153
142
260
204
218
260
256
251
234
257
204
204
260
123
193
204
235
193
142
201
251
260
142
204
276
260
206
202
218
260
260
277
251
251
251
251
142
276
260
256
251
251
218
286
256
123
260
277
260
277
127
153
257
210
193
204
218
251
256
251
210
142
218
142
142
218
251
260
260
218
265
142
142
218
251
251
148
142
