0 0 0
237 5
0
1204
0
0 237 1 -1.57 0
1 237 1 -0.3 0
2 237 1 1.09 0
3 237 1 -0.41 0
4 237 1 1.51 0
5 237 1 0.35 0
6 237 1 -0.62 0
7 237 1 1.58 0
8 237 1 -0.28 0
9 237 1 -0.45 0
10 237 1 0.01 0
11 237 1 -0.93 0
12 237 1 0.19 0
13 237 1 1.28 0
14 237 1 0.68 0
15 237 1 -0.37 0
16 237 1 0.66 0
17 237 1 1.6 0
18 237 1 0.11 0
19 237 1 1.72 0
20 237 1 0.11 0
21 237 1 0.49 0
22 237 1 -0.81 0
23 237 1 1.35 0
24 237 1 -0.41 0
25 237 1 -1.09 0
26 237 1 -0.14 0
27 237 1 -1.29 0
28 237 1 0.84 0
29 237 1 -1.12 0
30 237 1 -0.9 0
31 237 1 -0.06 0
32 237 1 -0.71 0
33 237 1 0.67 0
34 237 1 -1.41 0
35 237 1 1.36 0
36 237 1 -1.46 0
37 237 1 -1.46 0
38 237 1 -0.59 0
39 237 1 -0.43 0
40 237 1 -1.55 0
41 237 1 -0.7 0
42 237 1 0.09 0
43 237 1 1.3 0
44 237 1 -0.76 0
45 237 1 -0.66 0
46 237 1 -0.84 0
47 237 0 -0.92 0
48 237 1 0.55 0
49 237 1 1.19 0
50 237 1 -1.33 0
51 237 1 1.34 0
52 237 1 -0.41 0
53 237 1 -0.78 0
54 237 1 -1.78 0
55 237 1 -0.65 0
56 237 1 1.71 0
57 237 1 0.72 0
58 237 1 0.12 0
59 237 1 -0.13 0
60 237 1 -0.14 0
61 237 1 1.42 0
62 237 1 -0.64 0
63 237 1 -0.99 0
64 237 1 0.82 0
65 237 1 1.66 0
66 237 1 1.14 0
67 237 1 -1.52 0
68 237 1 1.47 0
69 237 1 1.97 0
70 237 1 -0.18 0
71 237 1 -0.45 0
72 237 1 0.09 0
73 237 1 1.32 0
74 237 1 1.31 0
75 237 1 0.72 0
76 237 1 0.49 0
77 237 1 -0.62 0
78 237 1 0.85 0
79 237 1 -1.01 0
80 237 1 -1.94 0
81 237 1 -0.79 0
82 237 1 -1.47 0
83 237 1 -1.54 0
84 237 1 -0.7 0
85 237 1 -1.8 0
86 237 1 -0.14 0
87 237 1 0.33 0
88 237 1 -0.23 0
89 237 1 0.95 0
90 237 1 0.15 0
91 237 1 -0.78 0
92 237 1 0.67 0
93 237 1 -0.61 0
94 237 1 0.07 0
95 237 1 0.97 0
96 237 1 -1.59 0
97 237 1 0.19 0
98 237 1 -0.02 0
99 237 1 1.6 0
100 237 1 0.68 0
101 237 1 -1.2 0
102 237 1 -0.79 0
103 237 1 1.66 0
104 237 1 1.16 0
105 237 1 -0.45 0
106 237 1 0.3 0
107 237 1 0.55 0
108 237 1 -0.37 0
109 237 1 0.95 0
110 237 1 -0.57 0
111 237 1 -1.62 0
112 237 1 1.23 0
113 237 1 -1.85 0
114 237 1 0.34 0
115 237 1 1.18 0
116 237 1 0.14 0
117 237 1 0.12 0
118 237 1 0.28 0
119 237 1 -0.3 0
120 237 1 -0.66 0
121 237 1 1.93 0
122 237 1 -1.81 0
123 237 1 -0.28 0
124 237 1 -0.64 0
125 237 1 -0.71 0
126 237 1 -0.9 0
127 237 1 -0.57 0
128 237 1 0.37 0
129 237 1 1.93 0
130 237 1 -0.01 0
131 237 1 0.57 0
132 237 1 -0.07 0
133 237 1 -0.54 0
134 237 1 -1.97 0
135 237 1 1.53 0
136 237 1 -1.92 0
137 237 1 -1.92 0
138 237 1 -1.09 0
139 237 1 0.97 0
140 237 1 0.62 0
141 237 1 -0.11 0
142 237 1 -0.25 0
143 237 1 -0.27 0
144 237 1 1.7 0
145 237 1 -0.74 0
146 237 1 -1.47 0
147 237 1 -0.46 0
148 237 1 -1.63 0
149 237 1 -1.91 0
150 237 1 0.01 0
151 237 1 -1.31 0
152 237 1 0.44 0
153 237 1 -1.41 0
154 237 1 -0.59 0
155 237 1 0.14 0
156 237 1 1.22 0
157 237 1 -0.24 0
158 237 1 0.05 0
159 237 1 -1.42 0
160 237 1 0.69 0
161 237 1 1.16 0
162 237 1 -1.37 0
163 237 1 0.89 0
164 237 1 -0.64 0
165 237 1 1.06 0
166 237 1 -1.31 0
167 237 1 1.42 0
168 237 1 -1.06 0
169 237 1 1.08 0
170 237 1 1.71 0
171 237 1 1.27 0
172 237 1 0.34 0
173 237 1 1.52 0
174 237 1 1.6 0
175 237 1 -1.66 0
176 237 1 -0.49 0
177 237 1 1.72 0
178 237 1 0.48 0
179 237 1 0.24 0
180 237 1 -1.46 0
181 237 1 -1.44 0
182 237 1 0.85 0
183 237 1 -0.92 0
184 237 1 -0.26 0
185 237 1 0.19 0
186 237 1 -0.25 0
187 237 1 0.32 0
188 237 1 1.62 0
189 237 1 -0.07 0
190 237 1 1.89 0
191 237 1 -1.46 0
192 237 1 0.29 0
193 237 1 1.31 0
194 237 1 0.03 0
195 237 1 1.58 0
196 237 1 0.4 0
197 237 1 -0.72 0
198 237 1 -0.96 0
199 237 1 -1.78 0
200 237 1 1.21 0
201 237 1 -1.85 0
202 237 1 -1 0
203 237 1 -0.72 0
204 237 1 -1.58 0
205 237 1 -0.61 0
206 237 1 -0.71 0
207 237 1 0.76 0
208 237 1 0.76 0
209 237 1 0.44 0
210 237 1 0.5 0
211 237 1 -0.06 0
212 237 1 -0.98 0
213 237 1 0.71 0
214 237 1 0.31 0
215 237 1 -0.65 0
216 237 1 -1.9 0
217 237 1 -1.97 0
218 237 1 0.49 0
219 237 1 -0.91 0
220 237 1 1.91 0
221 237 1 -1.72 0
222 237 1 -0.88 0
223 237 1 0.9 0
224 237 1 0.28 0
225 237 1 0.18 0
226 237 1 -0.04 0
227 237 1 -0.15 0
228 237 1 -1.17 0
229 237 1 0.75 0
230 237 1 0.82 0
231 237 1 -1.13 0
232 237 1 -0.39 0
233 237 1 -0.17 0
234 237 1 0.21 0
235 237 1 1.76 0
236 237 1 -1.71 0
0 238 1 1.44 0
1 238 1 0.93 0
2 238 1 -0.1 0
3 238 1 0.23 0
4 238 1 0.5 0
5 238 1 -0.2 0
6 238 1 0.88 0
7 238 1 0.63 0
8 238 1 -0.67 0
9 238 1 -1.39 0
10 238 1 0.47 0
11 238 1 1.35 0
12 238 1 -0.58 0
13 238 1 -1.21 0
14 238 1 1.32 0
15 238 1 0.19 0
16 238 1 -0.49 0
17 238 1 -0.8 0
18 238 1 -1.95 0
19 238 1 -2 0
20 238 1 -0.14 0
21 238 1 1.59 0
22 238 1 0.6 0
23 238 1 -0.29 0
24 238 1 1.56 0
25 238 1 1.77 0
26 238 1 -0.11 0
27 238 1 0.8 0
28 238 1 1.46 0
29 238 1 -1.8 0
30 238 1 0.93 0
31 238 1 -0.2 0
32 238 1 -0.24 0
33 238 1 0.88 0
34 238 1 0.63 0
35 238 1 -0.67 0
36 238 1 1.52 0
37 238 1 -0.38 0
38 238 1 -0.71 0
39 238 1 1.07 0
40 238 1 -0.09 0
41 238 1 -1.11 0
42 238 1 -1.25 0
43 238 1 -0.3 0
44 238 1 -0.87 0
45 238 1 1.33 0
46 238 1 1.96 0
47 238 1 -1.6 0
48 238 1 -0.48 0
49 238 1 -1.37 0
50 238 1 1.8 0
51 238 1 -0.91 0
52 238 1 1.4 0
53 238 1 0.61 0
54 238 1 -0.19 0
55 238 1 -1.02 0
56 238 1 0.3 0
57 238 1 1.66 0
58 238 1 0.6 0
59 238 1 0.51 0
60 238 1 1.77 0
61 238 1 -0.47 0
62 238 1 -1.86 0
63 238 1 -0.95 0
64 238 1 -0.88 0
65 238 1 -0.98 0
66 238 1 1.74 0
67 238 1 1.54 0
68 238 1 -0.11 0
69 238 1 1.67 0
70 238 1 1.4 0
71 238 1 0.89 0
72 238 1 0.47 0
73 238 1 1.42 0
74 238 1 0.47 0
75 238 1 -0.87 0
76 238 1 -0.09 0
77 238 1 -1.37 0
78 238 1 -1.16 0
79 238 1 0.72 0
80 238 1 1.07 0
81 238 1 0.35 0
82 238 1 1.74 0
83 238 1 -0.71 0
84 238 1 1.7 0
85 238 1 -0.27 0
86 238 1 -0.33 0
87 238 1 1.71 0
88 238 1 1.93 0
89 238 1 -1.24 0
90 238 1 -0.67 0
92 238 1 0.26 0
93 238 1 -1.36 0
94 238 1 1.88 0
95 238 1 1.04 0
96 238 1 0.76 0
97 238 1 1.32 0
98 238 1 1.35 0
99 238 1 1.3 0
100 238 1 1.07 0
101 238 1 -1.97 0
102 238 1 -0.33 0
103 238 1 -1.1 0
104 238 1 0.63 0
105 238 1 0.11 0
106 238 1 1.45 0
107 238 1 0.95 0
108 238 1 -0.45 0
109 238 1 1.1 0
110 238 1 -0.96 0
111 238 1 1.52 0
112 238 1 1.81 0
113 238 1 1.15 0
114 238 1 -1.7 0
115 238 1 -0.76 0
116 238 1 -0.3 0
117 238 0 0.67 0
118 238 1 1.87 0
119 238 1 -0.43 0
120 238 1 0.19 0
121 238 1 1.66 0
122 238 1 0.48 0
123 238 1 0.87 0
124 238 1 -0.38 0
125 238 1 -0.31 0
126 238 1 0.75 0
127 238 1 -1.6 0
128 238 1 1.8 0
129 238 1 -0.3 0
130 238 1 -1.07 0
131 238 1 -1.82 0
132 238 1 1.95 0
133 238 1 0.62 0
134 238 1 0.09 0
135 238 1 0.51 0
136 238 1 -1.67 0
138 238 1 -0.52 0
139 238 1 1.32 0
140 238 1 -1.1 0
141 238 1 0.61 0
142 238 1 -0.56 0
143 238 1 0.88 0
144 238 1 0.18 0
145 238 1 -0.8 0
146 238 1 1.67 0
147 238 1 -0.43 0
148 238 1 -0.18 0
149 238 1 0.35 0
150 238 1 1.49 0
151 238 1 0.87 0
152 238 1 1.87 0
153 238 1 -0.01 0
154 238 1 0.56 0
155 238 1 1.64 0
156 238 0 0.13 0
157 238 1 -1.86 0
158 238 1 -1.5 0
159 238 1 -1.51 0
160 238 1 -1.16 0
161 238 1 -1.29 0
162 238 1 -0.04 0
163 238 1 1.47 0
164 238 1 -0.84 0
165 238 1 0.98 0
166 238 1 1.93 0
167 238 1 -0.23 0
168 238 1 0.84 0
169 238 1 0.68 0
170 238 1 1.69 0
171 238 1 -0.42 0
172 238 1 1.33 0
173 238 1 0.09 0
174 238 1 1.07 0
175 238 1 -1.49 0
176 238 1 -0.21 0
177 238 1 0.94 0
178 238 1 1.34 0
179 238 1 0.86 0
180 238 1 0.28 0
181 238 1 0.08 0
182 238 1 0.09 0
183 238 1 -0.94 0
184 238 1 -0.27 0
185 238 1 -0.47 0
186 238 1 1.04 0
187 238 1 1.48 0
188 238 1 -0.08 0
189 238 1 -1.24 0
190 238 1 0.14 0
191 238 1 0.07 0
192 238 1 -0.26 0
193 238 1 1.74 0
194 238 1 -0.86 0
195 238 1 0.23 0
196 238 1 1.68 0
197 238 1 -1.18 0
198 238 1 -1.6 0
199 238 1 1.45 0
200 238 1 -1.86 0
201 238 1 1.86 0
202 238 1 -1.29 0
203 238 1 0.23 0
204 238 1 0.07 0
205 238 1 0.71 0
206 238 1 -1.85 0
207 238 1 -1.85 0
208 238 1 0.09 0
209 238 1 0.8 0
210 238 1 -1.06 0
211 238 1 0.33 0
212 238 1 1.45 0
213 238 1 -1.03 0
214 238 1 1.88 0
215 238 1 -0.13 0
216 238 1 1.31 0
217 238 1 -1.72 0
218 238 1 1.11 0
219 238 1 -0.09 0
220 238 1 -1.24 0
221 238 1 -1.18 0
222 238 1 1.66 0
223 238 1 1.93 0
224 238 1 -1.41 0
225 238 1 -0.83 0
226 238 1 -0.42 0
227 238 1 1.37 0
228 238 1 1.2 0
229 238 1 -1.45 0
230 238 1 0.67 0
231 238 1 -1.06 0
232 238 1 -0.58 0
233 238 1 1.87 0
234 238 1 -1.46 0
235 238 1 0.43 0
236 238 0 -1.62 0
0 239 1 -0.45 0
1 239 1 0.01 0
2 239 1 0.38 0
3 239 1 -1.42 0
4 239 1 0.44 0
5 239 1 1.08 0
6 239 1 -0.41 0
7 239 1 0.59 0
8 239 1 0.22 0
9 239 1 1.89 0
10 239 1 -1.9 0
11 239 1 0.79 0
12 239 1 0.06 0
13 239 1 -0.02 0
14 239 1 0.21 0
15 239 1 -1.69 0
16 239 1 -0.16 0
17 239 1 -1.48 0
18 239 1 -0.259 0
19 239 1 0.02 0
20 239 1 1.35 0
21 239 1 0.41 0
22 239 1 -0.96 0
23 239 1 -1.71 0
24 239 1 -1.71 0
25 239 1 -1.88 0
26 239 1 -0.77 0
27 239 1 -1.31 0
28 239 1 -1.79 0
29 239 1 -0.97 0
30 239 1 -0.32 0
31 239 1 0.13 0
32 239 1 0.92 0
33 239 1 1.22 0
34 239 1 -0.56 0
35 239 1 1.6 0
36 239 1 1.51 0
37 239 1 0.88 0
38 239 1 -0.92 0
39 239 1 0.75 0
40 239 1 0.53 0
41 239 1 1.61 0
42 239 1 1.99 0
43 239 1 0.55 0
44 239 1 -0.49 0
45 239 1 0.48 0
46 239 1 -1.09 0
47 239 1 0.54 0
48 239 1 0.24 0
49 239 1 -1.73 0
50 239 1 1.9 0
51 239 1 0.12 0
52 239 1 -0.41 0
53 239 1 0.61 0
54 239 1 0.42 0
55 239 1 -0.47 0
56 239 1 1.76 0
57 239 1 -1.47 0
58 239 1 -1.43 0
59 239 1 -1.98 0
60 239 1 0.03 0
61 239 1 -1.34 0
62 239 1 0.4 0
63 239 1 -0.34 0
64 239 1 1.6 0
65 239 1 -0.42 0
66 239 1 -0.06 0
67 239 1 -1.48 0
68 239 1 0.31 0
69 239 1 1.44 0
70 239 1 0.3 0
71 239 1 -1.73 0
72 239 1 1.69 0
73 239 1 1.71 0
74 239 1 1.41 0
75 239 1 -1.14 0
76 239 1 -0.27 0
77 239 1 1.08 0
78 239 1 -1.11 0
79 239 1 -0.49 0
80 239 1 -0.22 0
81 239 1 -0.36 0
82 239 1 -1.29 0
83 239 1 0.77 0
84 239 1 -1.73 0
85 239 1 0.63 0
86 239 1 0.08 0
88 239 1 -1.31 0
89 239 1 1.08 0
90 239 1 -1.31 0
91 239 1 0.13 0
92 239 1 -0.71 0
93 239 1 -0.35 0
94 239 1 0.4 0
95 239 1 -1.603 0
96 239 1 -0.27 0
97 239 1 -1.34 0
98 239 1 0.01 0
99 239 1 1.17 0
100 239 1 -0.33 0
101 239 1 -1.02 0
102 239 1 -1.26 0
103 239 1 -0.28 0
104 239 1 -0.17 0
105 239 1 0.34 0
106 239 1 -1.89 0
107 239 1 1.42 0
108 239 1 -0.82 0
109 239 1 0.14 0
110 239 1 1.92 0
111 239 1 -0.72 0
112 239 1 -0.94 0
113 239 1 -1.17 0
114 239 1 -0.35 0
115 239 1 -0.54 0
116 239 1 -0.77 0
117 239 1 -1.1 0
118 239 1 -0.96 0
119 239 1 0.78 0
120 239 1 -1.1 0
121 239 1 -0.4 0
122 239 1 -0.87 0
123 239 1 -1.75 0
124 239 1 -1.07 0
125 239 1 -0.732 0
126 239 1 -0.98 0
127 239 1 1.71 0
128 239 1 -1.42 0
129 239 1 1.37 0
130 239 1 -1.76 0
131 239 1 1.5 0
132 239 1 0.73 0
133 239 1 -0.45 0
134 239 1 0.38 0
135 239 1 1.26 0
136 239 1 -1.7 0
137 239 1 -1.99 0
138 239 1 -0.4 0
139 239 1 -1.3 0
140 239 1 1.33 0
141 239 1 -1.51 0
142 239 1 -0.4 0
143 239 1 1.82 0
144 239 1 -0.87 0
145 239 1 -0.12 0
146 239 1 -1.41 0
147 239 1 1.38 0
148 239 1 0.71 0
149 239 1 1.4 0
150 239 1 0.8 0
151 239 1 0.61 0
152 239 1 -0.62 0
153 239 1 1.34 0
154 239 1 1.77 0
155 239 1 0.4 0
156 239 1 0.58 0
157 239 1 1.03 0
158 239 1 -1.34 0
159 239 1 1.8 0
160 239 1 1.23 0
161 239 1 0.64 0
162 239 1 -1.91 0
163 239 1 0.4 0
164 239 1 1.57 0
165 239 1 -1.64 0
166 239 1 1.01 0
167 239 1 -1.16 0
168 239 1 -0.08 0
169 239 1 -1.74 0
170 239 1 0.59 0
171 239 1 1.07 0
172 239 1 0.71 0
173 239 1 0.42 0
174 239 1 0.64 0
175 239 1 -0.24 0
176 239 1 -0.04 0
177 239 1 -1.61 0
178 239 1 -0.91 0
179 239 1 0 0
180 239 1 -1.96 0
181 239 1 0.33 0
182 239 1 1.07 0
183 239 1 1.73 0
184 239 1 -0.93 0
185 239 1 0.64 0
186 239 1 -1.73 0
187 239 1 -0.02 0
188 239 1 -0.17 0
189 239 1 0.94 0
190 239 1 -0.04 0
191 239 1 -1.7 0
192 239 1 -0.96 0
193 239 1 1.34 0
194 239 1 0.75 0
195 239 1 0.74 0
196 239 1 1.99 0
197 239 1 -0.67 0
198 239 1 0.92 0
199 239 1 -0.83 0
200 239 1 1.4 0
201 239 1 1.29 0
202 239 1 -1.33 0
203 239 1 -1.08 0
204 239 1 0.77 0
205 239 1 1.95 0
206 239 1 -1.65 0
207 239 1 -0.85 0
208 239 1 1.93 0
209 239 1 0.25 0
210 239 1 -1.05 0
211 239 1 -1.32 0
212 239 1 -0.1 0
213 239 1 -1.31 0
214 239 1 0.14 0
215 239 1 1.63 0
216 239 1 1.73 0
217 239 1 0.64 0
218 239 1 0.29 0
219 239 1 0.39 0
220 239 1 -0.83 0
221 239 1 1.37 0
222 239 1 -0.72 0
223 239 1 -1.5 0
224 239 1 -1.67 0
225 239 1 -0.07 0
226 239 1 0.57 0
227 239 1 -1.22 0
228 239 1 0.15 0
229 239 1 0.82 0
230 239 1 1.12 0
231 239 1 -0.3 0
232 239 1 -0.08 0
233 239 1 0.9 0
234 239 1 1.92 0
235 239 1 -0.04 0
236 239 1 -1.16 0
0 240 1 -0.96 0
1 240 1 -1.6 0
2 240 1 -0.39 0
3 240 1 1.45 0
4 240 1 0.98 0
5 240 1 0.12 0
6 240 1 0.61 0
7 240 1 0.05 0
8 240 1 -0.46 0
9 240 1 1.41 0
10 240 1 -0.27 0
11 240 1 -0.09 0
12 240 1 -1.46 0
13 240 1 0.63 0
14 240 1 1.78 0
15 240 1 1.77 0
16 240 1 -0.54 0
17 240 1 1.35 0
18 240 1 -0.26 0
19 240 1 -0.57 0
20 240 1 -1 0
21 240 1 -0.41 0
22 240 1 -0.03 0
23 240 1 1.16 0
24 240 1 0.31 0
25 240 1 0.54 0
26 240 1 -0.62 0
27 240 1 0.44 0
28 240 1 -1.04 0
29 240 1 -0.41 0
30 240 1 -0.42 0
31 240 1 -1.5 0
32 240 1 1.67 0
33 240 1 1.6 0
34 240 1 -0.1 0
35 240 1 1.09 0
36 240 1 0.74 0
37 240 1 1.86 0
38 240 1 -1.48 0
39 240 1 0.63 0
40 240 1 -1.18 0
41 240 1 -1.87 0
42 240 1 -1.61 0
43 240 1 1.31 0
44 240 1 0.94 0
45 240 1 1.7 0
46 240 1 1.78 0
47 240 1 0.75 0
48 240 1 0.84 0
49 240 1 1.76 0
50 240 1 -0.89 0
51 240 1 -0.75 0
52 240 1 0.11 0
53 240 1 1.79 0
54 240 1 1.36 0
55 240 1 1.94 0
56 240 1 0.7 0
57 240 1 0.62 0
58 240 1 -0.84 0
59 240 1 -0.88 0
60 240 1 -1.91 0
61 240 1 0.37 0
62 240 1 -1.81 0
63 240 1 1.03 0
64 240 1 -0.61 0
65 240 1 1.9 0
66 240 1 -0.38 0
67 240 1 -0.69 0
68 240 0 -0.34 0
69 240 1 1.36 0
70 240 1 -0.97 0
71 240 1 1.57 0
72 240 1 -0.06 0
73 240 1 1.62 0
74 240 1 -0.11 0
75 240 1 0.48 0
76 240 1 1.8 0
77 240 1 -0.83 0
78 240 1 -1.36 0
79 240 1 0.71 0
80 240 1 1.4 0
81 240 1 0.62 0
82 240 1 1.01 0
83 240 1 -0.66 0
84 240 1 0.33 0
85 240 1 -0.13 0
86 240 1 1.6 0
87 240 1 0.99 0
88 240 1 0.83 0
89 240 1 -1.95 0
90 240 1 1.95 0
91 240 1 0.32 0
92 240 1 1.83 0
93 240 1 -0.93 0
94 240 1 -1.87 0
95 240 1 -1.43 0
96 240 1 0.43 0
97 240 1 -1.79 0
98 240 1 -1.03 0
99 240 1 -1.75 0
100 240 1 -1.11 0
101 240 1 1.76 0
102 240 1 1.5 0
103 240 1 -1.77 0
104 240 1 -1.02 0
105 240 1 -0.57 0
106 240 1 -1.5 0
107 240 1 1.72 0
108 240 1 1.8 0
109 240 1 -0.13 0
110 240 1 1.6 0
111 240 1 -0.07 0
112 240 1 0.58 0
113 240 1 0.82 0
114 240 1 1.83 0
115 240 1 1.82 0
116 240 1 0.42 0
117 240 1 -1.4 0
118 240 1 1.47 0
119 240 1 0.27 0
120 240 1 -1.47 0
121 240 1 -0.6 0
122 240 1 1.97 0
123 240 1 1.99 0
125 240 1 0.13 0
126 240 1 -1.39 0
127 240 1 -1.48 0
128 240 1 1.62 0
129 240 1 -1.83 0
130 240 1 0.85 0
131 240 1 0.055 0
132 240 1 -1.43 0
134 240 1 1.44 0
135 240 1 0.88 0
136 240 1 -1.06 0
137 240 1 -1.2 0
138 240 1 -0.39 0
139 240 1 1.51 0
140 240 1 1.6 0
141 240 1 1.01 0
142 240 1 -0.03 0
143 240 1 -0.13 0
144 240 1 1.85 0
145 240 1 1.33 0
146 240 1 1.14 0
147 240 1 -0.79 0
148 240 1 0.32 0
149 240 1 -0.34 0
150 240 1 1.66 0
151 240 1 0.74 0
152 240 1 -1.23 0
153 240 1 -0.83 0
154 240 1 -0.81 0
155 240 1 -0.17 0
156 240 1 -1.54 0
157 240 1 0.88 0
158 240 1 0.8 0
159 240 1 -0.43 0
160 240 1 0.32 0
161 240 1 -1.27 0
162 240 1 -0.89 0
163 240 1 -0.25 0
164 240 1 1.73 0
165 240 1 1.24 0
166 240 1 -0.16 0
167 240 1 0.04 0
168 240 1 0.83 0
169 240 1 1.61 0
170 240 1 0.66 0
171 240 1 -0.92 0
172 240 1 -1.38 0
173 240 1 -1.3 0
174 240 1 1.69 0
175 240 1 -1.02 0
176 240 1 0.87 0
177 240 1 -1.54 0
178 240 1 -0.42 0
179 240 1 -1.09 0
180 240 1 -1.19 0
181 240 1 0.58 0
182 240 1 -0.33 0
183 240 1 1.13 0
184 240 1 -0.45 0
185 240 1 -0.72 0
186 240 1 1.53 0
187 240 1 0.07 0
188 240 1 -1.19 0
190 240 1 -0.8 0
191 240 1 1.86 0
192 240 1 1.98 0
193 240 1 0.6 0
194 240 1 -1.49 0
195 240 1 1.21 0
196 240 1 -0.718 0
197 240 1 1.77 0
198 240 1 -0.97 0
199 240 1 0.1 0
200 240 1 1.95 0
201 240 1 -1.92 0
202 240 1 0.66 0
203 240 1 -1.79 0
204 240 1 -0.86 0
205 240 1 -1.18 0
206 240 1 0.51 0
207 240 1 0.24 0
208 240 1 -1.68 0
209 240 1 1.5 0
210 240 1 -1.31 0
211 240 1 -1.139 0
212 240 1 0.39 0
213 240 1 -1.36 0
214 240 1 0.43 0
215 240 1 1.38 0
216 240 1 -1.08 0
217 240 1 -0.15 0
218 240 1 0.53 0
219 240 1 1.09 0
220 240 1 0.59 0
221 240 1 0.36 0
222 240 1 -1.25 0
223 240 1 -0.62 0
225 240 1 -0.15 0
226 240 1 -1.31 0
227 240 1 -1.57 0
228 240 1 -1.28 0
229 240 1 1.91 0
230 240 1 -1.77 0
231 240 1 -0.18 0
232 240 1 -1.14 0
233 240 1 -1.07 0
234 240 1 1.08 0
235 240 1 -1.56 0
236 240 1 1.65 0
0 241 1 0.62 0
1 241 1 1 0
2 241 1 -0.42 0
3 241 1 0.07 0
4 241 1 -1.56 0
5 241 1 -0.17 0
6 241 1 1.78 0
7 241 1 1.91 0
8 241 1 -1.73 0
9 241 1 -0.34 0
10 241 1 0.97 0
11 241 1 0.47 0
12 241 1 1.82 0
13 241 1 1.62 0
14 241 1 1.11 0
15 241 1 1.52 0
16 241 1 0.66 0
17 241 1 0.16 0
18 241 1 0.82 0
19 241 1 1.84 0
20 241 1 0.15 0
21 241 1 0.53 0
22 241 1 -0.57 0
23 241 1 -0.99 0
24 241 1 -0.87 0
25 241 1 1.8 0
26 241 1 0.76 0
27 241 1 0.05 0
28 241 1 -0.86 0
29 241 1 -0.97 0
30 241 1 0.92 0
31 241 1 0.01 0
32 241 1 1.5 0
33 241 1 0.41 0
34 241 1 0.45 0
35 241 1 -1.38 0
36 241 1 0.32 0
37 241 1 -0.47 0
38 241 1 -1.27 0
39 241 1 -1.27 0
40 241 1 0.42 0
41 241 1 1.05 0
42 241 1 1.31 0
43 241 1 -1.73 0
44 241 1 1.52 0
45 241 1 0.91 0
46 241 1 0.97 0
47 241 1 0.24 0
48 241 1 0.02 0
49 241 1 1.39 0
50 241 1 0.74 0
51 241 1 -1.02 0
52 241 1 -0.79 0
53 241 1 -0.47 0
54 241 1 -0.43 0
55 241 1 -1.59 0
56 241 1 -0.82 0
57 241 1 -1.51 0
58 241 1 1.62 0
59 241 1 0.51 0
60 241 1 -1.01 0
61 241 1 -1.86 0
62 241 1 -0.02 0
63 241 1 -1.43 0
64 241 1 1.88 0
65 241 1 -1.35 0
66 241 1 1.86 0
67 241 1 0.05 0
68 241 1 -0.88 0
69 241 1 0.92 0
70 241 1 -0.36 0
71 241 1 -1.51 0
72 241 1 -0.08 0
73 241 1 0.6 0
74 241 1 1.93 0
75 241 1 0.62 0
76 241 1 -0.78 0
78 241 1 -0.54 0
79 241 1 -0.04 0
80 241 1 0.39 0
81 241 1 -1.2 0
82 241 1 1.7 0
83 241 1 -0.44 0
84 241 1 1.56 0
85 241 1 0.98 0
86 241 1 1.59 0
87 241 1 0.84 0
88 241 1 0.7 0
89 241 1 -1.81 0
90 241 1 1.1 0
91 241 1 -0.86 0
92 241 1 -1.83 0
93 241 1 -1.37 0
94 241 1 -1.57 0
95 241 1 0.38 0
96 241 1 -1.29 0
97 241 1 -0.62 0
98 241 1 0.18 0
99 241 1 1.63 0
100 241 1 -0.83 0
101 241 1 0.34 0
102 241 1 -1.54 0
103 241 1 0.29 0
104 241 1 0.73 0
105 241 1 -0.77 0
106 241 1 -1.87 0
107 241 1 -0.93 0
108 241 1 1.04 0
109 241 1 -1.57 0
110 241 1 1.11 0
111 241 1 -1.58 0
112 241 1 0.23 0
113 241 1 1.03 0
114 241 0 -1.72 0
115 241 1 -0.76 0
116 241 1 1.26 0
117 241 1 -1.88 0
118 241 1 0.61 0
119 241 1 1.59 0
120 241 1 0.44 0
121 241 1 -0.29 0
122 241 1 1.48 0
123 241 1 0.04 0
124 241 1 1.36 0
125 241 1 -0.62 0
126 241 1 1.81 0
127 241 1 -0.37 0
128 241 1 -1.85 0
129 241 1 -0.11 0
130 241 1 0.41 0
131 241 1 -1.2 0
132 241 1 -0.1 0
133 241 1 -1.41 0
134 241 1 -0.23 0
135 241 1 -1.06 0
136 241 1 -0.44 0
137 241 1 -0.3 0
138 241 1 -0.8 0
139 241 1 1.78 0
140 241 1 -0.71 0
141 241 1 0.16 0
142 241 1 1.05 0
143 241 1 1.33 0
144 241 1 0.66 0
145 241 1 0.03 0
146 241 1 -1.04 0
147 241 1 0.94 0
148 241 1 -1.48 0
149 241 1 1.14 0
150 241 1 -0.11 0
151 241 1 -1.29 0
152 241 1 0.27 0
153 241 1 0.43 0
154 241 1 0.57 0
155 241 1 1.74 0
156 241 1 0.57 0
157 241 1 0.57 0
158 241 1 1.38 0
159 241 1 1.44 0
160 241 1 1.63 0
161 241 1 0.01 0
162 241 1 -1.43 0
163 241 1 -0.23 0
164 241 1 1.09 0
165 241 1 -1.86 0
166 241 1 0.62 0
167 241 1 -0.47 0
168 241 1 1.39 0
169 241 1 1.31 0
170 241 1 -0.28 0
171 241 1 1.65 0
172 241 1 -1.16 0
173 241 1 -1.13 0
174 241 1 -1.03 0
175 241 1 -1.18 0
176 241 1 1.89 0
177 241 1 -1.27 0
178 241 1 0.96 0
179 241 1 1.24 0
180 241 1 0.72 0
181 241 1 0.12 0
182 241 1 0.96 0
183 241 1 -0.74 0
184 241 1 -1.86 0
185 241 1 1.84 0
186 241 1 0.75 0
187 241 1 -1.4 0
188 241 1 -1.07 0
189 241 1 -0.09 0
190 241 1 1.72 0
191 241 1 1.12 0
192 241 1 1.78 0
193 241 1 1.915 0
194 241 1 0.89 0
195 241 1 0.18 0
196 241 1 1.58 0
197 241 1 1.77 0
198 241 1 1.54 0
199 241 1 0.86 0
200 241 1 -1.92 0
201 241 1 -0.4 0
202 241 1 1.38 0
203 241 1 0 0
204 241 1 -0.56 0
205 241 1 -1.71 0
206 241 1 -1.38 0
207 241 1 0.89 0
208 241 1 0.74 0
209 241 1 -0.14 0
210 241 1 1.89 0
211 241 1 0.59 0
212 241 1 0.21 0
213 241 1 -0.27 0
214 241 1 1.33 0
215 241 1 -1.52 0
216 241 1 -1.02 0
217 241 1 -0.97 0
218 241 1 -1.32 0
219 241 1 1.5 0
220 241 1 1.86 0
221 241 1 0.92 0
222 241 1 1.58 0
223 241 1 0.96 0
224 241 1 1.37 0
225 241 1 -0.49 0
226 241 1 -1.49 0
227 241 1 -0.11 0
228 241 1 0.93 0
229 241 1 0.61 0
230 241 1 1.77 0
231 241 1 1.71 0
232 241 1 0.14 0
233 241 1 0.25 0
234 241 1 1.54 0
235 241 1 -0.61 0
12 283 1 0.13 0
87 283 1 0.23 0
133 283 1 -0.54 0
188 283 1 -1.51 0
283 240 1 -0.54 0
77 343 1 -0.74 0
343 241 1 -0.74 0
189 354 1 -1.47 0
193 354 1 0.21 0
354 240 1 -1.572 0
236 398 1 -1.46 0
398 241 1 -1.46 0
109 467 1 -1.72 0
183 467 1 0.82 0
189 467 1 1.49 0
219 467 1 -0.94 0
224 467 1 1.16 0
467 240 1 1.16 0
91 524 1 1.13 0
129 524 1 -1.65 0
524 238 1 1.13 0
124 576 1 -0.25 0
576 240 1 -0.25 0
87 603 1 -1.17 0
603 239 1 -1.17 0
137 690 1 -0.13 0
690 238 1 -0.13 0
146 524 1 1.3 0
