100 27 2
237 5
1000
1530
0 237 1 -0.77 0
1 237 1 -1.265 0
2 237 1 -0.43 0
4 237 1 0.29 0
5 237 1 0.514 0
6 237 1 -0.9 0
7 237 1 -0.14 0
8 237 1 -1.98 0
9 237 1 1.2 0
10 237 1 1.9 0
11 237 1 1.22 0
12 237 1 -1.89 0
13 237 1 -1.85 0
14 237 0 1.51 0
15 237 1 0.96 0
16 237 1 -1.33 0
17 237 1 0.36 0
18 237 1 0.99 0
19 237 1 -0.619 0
20 237 1 1.706 0
21 237 0 0.12 0
22 237 1 1.65 0
23 237 1 -0.06 0
24 237 1 1.04 0
26 237 1 -1.06 0
27 237 1 0.4 0
28 237 1 -0.43 0
29 237 1 -1.278 0
30 237 0 0.11 0
31 237 1 0.865 0
32 237 1 1.665 0
33 237 1 -1.22 0
34 237 1 0.88 0
35 237 0 1.15 0
36 237 1 1.183 0
37 237 1 -1.7 0
38 237 0 -0.64 0
39 237 0 -1.7 0
40 237 1 -0.52 0
41 237 1 -1.73 0
42 237 1 1.214 0
43 237 1 0.32 0
44 237 1 -1.99 0
45 237 1 -0.59 0
46 237 1 1.128 0
48 237 1 -0.7 0
48 237 1 -0.7 0
49 237 1 -0.18 0
50 237 0 1.74 0
51 237 1 -0.512 0
52 237 1 -0.78 0
53 237 1 1.8 0
55 237 0 -0.66 0
56 237 1 -0.81 0
57 237 1 0.7 0
58 237 1 1.95 0
59 237 1 -1.86 0
60 237 0 0.38 0
61 237 1 0.83 0
63 237 1 1.42 0
64 237 1 0.581 0
65 237 1 -1.57 0
66 237 1 0.25 0
67 237 1 -0.272 0
70 237 1 0.62 0
71 237 1 0.261 0
72 237 1 0.45 0
73 237 1 -1.23 0
74 237 1 -1.72 0
75 237 1 1.541 0
76 237 1 -0.094 0
77 237 1 -0.86 0
78 237 1 1 0
79 237 1 -0.487 0
80 237 1 0.93 0
81 237 1 1.2 0
82 237 1 -0.05 0
83 237 1 0.97 0
84 237 1 -0.84 0
85 237 1 1.76 0
86 237 1 -1.43 0
87 237 1 -1.65 0
90 237 1 0.08 0
91 237 1 -1.77 0
92 237 1 0.96 0
93 237 1 -0.77 0
94 237 1 0.26 0
95 237 1 1.68 0
96 237 1 0.407 0
97 237 1 0.475 0
98 237 1 0.78 0
99 237 1 -1.99 0
100 237 1 -0.634 0
101 237 0 -0.72 0
102 237 1 -1.1 0
103 237 1 -0.17 0
104 237 1 -1.03 0
105 237 1 -1.27 0
106 237 1 0.43 0
108 237 1 -1.41 0
109 237 1 0.37 0
110 237 1 -0.87 0
111 237 1 -0.68 0
112 237 1 -1.34 0
113 237 1 1.18 0
114 237 1 -1.316 0
115 237 1 -1.067 0
116 237 1 -1.616 0
117 237 1 -0.68 0
118 237 1 0.19 0
119 237 1 -1.658 0
120 237 0 -1.437 0
121 237 1 1.59 0
122 237 1 -1.16 0
123 237 1 0.119 0
124 237 0 1.48 0
125 237 1 1.91 0
126 237 0 1.67 0
127 237 1 -0.6 0
128 237 1 1.33 0
129 237 1 1.13 0
130 237 1 -0.35 0
131 237 1 1.632 0
132 237 1 -0.097 0
134 237 1 -0.28 0
135 237 1 -1.34 0
136 237 1 -1.73 0
137 237 1 -0.88 0
138 237 1 -1.8 0
139 237 1 -1.24 0
140 237 1 -0.95 0
141 237 1 -0.84 0
142 237 1 -1.51 0
143 237 1 -2 0
144 237 1 0.31 0
145 237 1 -1.14 0
146 237 1 -1.48 0
147 237 1 -1.46 0
148 237 1 -1.16 0
149 237 1 -0.49 0
150 237 1 -0.49 0
151 237 1 -1.01 0
152 237 1 1.46 0
153 237 0 -1.811 0
154 237 1 -0.657 0
155 237 1 0.73 0
156 237 1 -1.83 0
157 237 1 -0.97 0
158 237 1 1.2 0
159 237 1 -1.34 0
160 237 1 -1.522 0
161 237 1 1.292 0
162 237 1 -1.93 0
163 237 1 -0.52 0
164 237 1 -1.3 0
165 237 1 0.573 0
166 237 0 -1.94 0
167 237 1 -1.18 0
168 237 1 0.29 0
169 237 1 0.628 0
170 237 1 -1.63 0
171 237 0 -1.77 0
173 237 1 1.29 0
175 237 1 0.09 0
176 237 1 1.33 0
177 237 1 -0.66 0
178 237 1 -0.79 0
179 237 1 1.73 0
180 237 1 -1.229 0
182 237 1 -0.011 0
183 237 1 -0.577 0
184 237 0 1.7 0
185 237 1 -0.2 0
186 237 1 1.94 0
187 237 1 0.67 0
188 237 1 -1.051 0
189 237 1 1.67 0
190 237 1 1.25 0
191 237 1 -1.649 0
192 237 1 0.29 0
193 237 1 0.47 0
194 237 1 -1.56 0
195 237 1 0.04 0
196 237 1 1.63 0
197 237 1 -1.13 0
198 237 1 0.06 0
199 237 1 0.24 0
200 237 1 -1.767 0
201 237 1 -1.71 0
202 237 1 0.191 0
203 237 1 -1.51 0
204 237 1 -1.139 0
206 237 1 -1.59 0
207 237 1 1.41 0
208 237 1 1.28 0
209 237 0 -0.652 0
210 237 1 -0.58 0
211 237 1 -0.01 0
212 237 1 0.94 0
213 237 1 -1.54 0
214 237 1 -1.11 0
215 237 1 -1.345 0
217 237 1 1.81 0
218 237 1 -1.64 0
219 237 1 -1.06 0
220 237 1 -1.31 0
221 237 1 -0.717 0
222 237 0 -0.54 0
223 237 1 1.57 0
224 237 1 0.894 0
225 237 1 1.48 0
226 237 1 -1.1 0
227 237 1 -1.16 0
228 237 1 -1.156 0
229 237 1 -0.71 0
230 237 1 1.12 0
231 237 1 1.23 0
232 237 1 -1.42 0
233 237 1 0.23 0
234 237 1 1.67 0
235 237 1 -0.237 0
236 237 1 -1.59 0
0 238 1 0.576 0
1 238 1 1.3 0
2 238 0 -0.84 0
3 238 1 -1.47 0
4 238 1 1.53 0
5 238 0 0.24 0
6 238 1 0.818 0
7 238 1 -1.91 0
9 238 1 0.24 0
12 238 1 -1.84 0
13 238 1 -1.44 0
14 238 0 0.01 0
15 238 1 0.68 0
16 238 1 1.3 0
18 238 0 -0.59 0
20 238 1 -1.57 0
21 238 1 -1.446 0
22 238 1 -0.891 0
23 238 1 0.96 0
24 238 1 -1.99 0
25 238 0 1.366 0
26 238 1 1.99 0
27 238 1 1.96 0
28 238 1 0.24 0
29 238 1 0.83 0
30 238 1 1.22 0
31 238 1 -1.29 0
32 238 1 1.15 0
33 238 1 1.068 0
34 238 1 1.501 0
35 238 1 -1.94 0
36 238 1 -0.85 0
37 238 1 -0.73 0
38 238 1 -0.413 0
39 238 1 -0.46 0
40 238 1 -1.777 0
41 238 1 -1.35 0
42 238 1 1.37 0
43 238 1 -1.52 0
44 238 1 -0.53 0
46 238 1 -0.27 0
47 238 1 -0.744 0
48 238 1 1.26 0
49 238 0 -1.94 0
50 238 1 -0.58 0
51 238 1 0.81 0
52 238 1 -1.31 0
53 238 1 -1.88 0
54 238 1 -1.037 0
55 238 1 -0.009 0
56 238 1 -1.69 0
57 238 1 0.01 0
58 238 1 -0.08 0
59 238 1 -1.08 0
60 238 1 1.78 0
61 238 1 -2 0
62 238 0 -1.006 0
63 238 1 1.79 0
64 238 1 -1.881 0
65 238 1 0.26 0
66 238 0 -1.61 0
67 238 1 1.21 0
68 238 1 1.39 0
69 238 1 -1.659 0
70 238 1 -0.87 0
71 238 1 -1.51 0
72 238 0 -1.75 0
73 238 1 -0.17 0
74 238 1 -0.55 0
75 238 1 1.6 0
76 238 1 1.77 0
78 238 0 1.64 0
79 238 1 -1.73 0
80 238 1 -0.295 0
82 238 1 -0.938 0
83 238 1 1.44 0
84 238 1 1.94 0
85 238 1 1.77 0
86 238 1 1.6 0
87 238 1 -1.94 0
88 238 1 0.48 0
90 238 1 -0.65 0
91 238 1 1.93 0
92 238 1 -0.924 0
93 238 1 -1.02 0
95 238 1 0.46 0
96 238 1 -1.79 0
97 238 1 1.53 0
98 238 1 1.29 0
99 238 1 1.97 0
100 238 1 -1 0
101 238 1 1.227 0
102 238 1 0.14 0
103 238 1 0.97 0
104 238 1 1.9 0
105 238 1 1.907 0
105 238 1 1.907 0
106 238 1 -1.25 0
107 238 1 0.21 0
108 238 1 -1.26 0
109 238 0 1.62 0
110 238 1 0.65 0
111 238 1 -0.54 0
112 238 1 1.04 0
113 238 1 -1.343 0
114 238 1 1.905 0
115 238 1 -0.51 0
116 238 1 1.84 0
117 238 1 -1.99 0
118 238 1 1.562 0
119 238 1 1.49 0
120 238 1 0.721 0
121 238 1 -1.94 0
122 238 1 -1.37 0
123 238 1 0.62 0
124 238 1 -1.621 0
125 238 1 -0.25 0
126 238 1 -0.559 0
127 238 1 -1.3 0
128 238 0 0.15 0
129 238 1 -1.29 0
130 238 1 0.51 0
131 238 1 1.198 0
132 238 1 1.52 0
133 238 1 -1.3 0
134 238 1 0.699 0
135 238 1 1.91 0
136 238 1 -0.81 0
137 238 1 -1.07 0
138 238 1 -0.24 0
139 238 1 1.66 0
140 238 1 -1.63 0
142 238 1 0.446 0
143 238 1 1.361 0
144 238 1 -1.66 0
145 238 1 0.052 0
146 238 1 -1.07 0
147 238 1 1.28 0
148 238 1 -0.237 0
149 238 1 -0.386 0
150 238 1 1.31 0
151 238 1 -0.173 0
152 238 1 0.29 0
153 238 1 1.33 0
154 238 1 -0.72 0
155 238 1 -1.74 0
156 238 1 0.116 0
157 238 1 -1.33 0
158 238 1 -1.6 0
159 238 0 1.51 0
160 238 1 0.71 0
161 238 1 0.28 0
162 238 1 -1.05 0
163 238 1 1.94 0
164 238 1 -0.01 0
165 238 1 0.57 0
166 238 1 -0.124 0
167 238 1 0.97 0
168 238 1 -1.14 0
169 238 1 -0.27 0
170 238 1 1.54 0
171 238 1 -1.274 0
172 238 1 1.36 0
173 238 1 -1.78 0
174 238 1 0.59 0
175 238 1 -1.36 0
176 238 1 0.83 0
177 238 1 -0.603 0
178 238 0 -0.49 0
179 238 1 0.18 0
180 238 1 1.02 0
182 238 1 -1.98 0
183 238 1 0.46 0
185 238 1 -0.13 0
186 238 1 0.53 0
187 238 1 -0.14 0
188 238 1 -0.403 0
189 238 1 0.33 0
190 238 1 -1.84 0
191 238 1 -0.38 0
192 238 1 -0.125 0
193 238 1 -1.75 0
194 238 1 -1.947 0
195 238 1 -0.23 0
197 238 1 0.25 0
198 238 1 -0.69 0
199 238 1 0.87 0
200 238 1 -0.782 0
201 238 1 -0.374 0
203 238 1 0.54 0
204 238 0 -0.85 0
205 238 0 1.5 0
206 238 1 -1.69 0
207 238 1 -1.56 0
208 238 1 1.221 0
209 238 0 -1.413 0
210 238 1 0.76 0
211 238 0 -0.42 0
212 238 1 -0.393 0
213 238 1 -1.31 0
214 238 1 1.919 0
215 238 1 1.546 0
216 238 0 -1.15 0
217 238 1 0.5 0
218 238 1 -1.98 0
219 238 1 -0.16 0
221 238 1 -1.589 0
222 238 1 1.212 0
223 238 1 -0.92 0
224 238 1 0.59 0
225 238 1 1.65 0
226 238 1 0.51 0
227 238 1 1.39 0
227 238 1 1.39 0
227 238 1 1.39 0
227 238 1 1.39 0
228 238 1 -0.16 0
228 238 1 -0.16 0
228 238 1 -0.16 0
228 238 1 -0.16 0
229 238 1 1.392 0
229 238 1 1.28 0
229 238 1 1.28 0
230 238 1 -1.51 0
230 238 1 -1.51 0
230 238 1 -1.51 0
230 238 1 -1.51 0
230 238 1 -1.51 0
230 238 1 -1.51 0
231 238 1 -0.8 0
231 238 1 -0.8 0
233 238 0 1.61 0
233 238 0 1.61 0
233 238 0 1.61 0
233 238 0 1.61 0
234 238 1 -1.344 0
235 238 0 -0.443 0
235 238 0 -0.443 0
236 238 1 -1.6 0
0 239 1 0.015 0
1 239 1 0.82 0
2 239 1 1.223 0
3 239 1 1.56 0
4 239 1 1.8 0
5 239 1 -0.57 0
6 239 1 0.842 0
7 239 1 0.71 0
8 239 1 1.02 0
9 239 1 0.207 0
10 239 0 -2 0
12 239 1 1.238 0
13 239 1 0.04 0
14 239 1 -0.909 0
15 239 1 -0.66 0
16 239 1 -0.724 0
17 239 1 0.648 0
18 239 1 0.165 0
19 239 1 -0.91 0
20 239 1 0.09 0
21 239 1 -1.341 0
22 239 1 -1.08 0
23 239 1 1.09 0
24 239 1 -0.48 0
25 239 1 1.232 0
26 239 1 -1.39 0
27 239 1 1.59 0
28 239 1 -0.72 0
29 239 1 -1.138 0
30 239 1 0.621 0
31 239 1 1.47 0
32 239 1 -1.039 0
33 239 1 0.75 0
34 239 1 -0.63 0
35 239 0 1.87 0
36 239 1 -0.86 0
37 239 1 0.7 0
38 239 1 1.02 0
39 239 1 -0.38 0
40 239 1 -0.37 0
41 239 1 -1.03 0
42 239 1 0.31 0
43 239 1 -0.07 0
44 239 1 -1.25 0
45 239 0 -0.46 0
46 239 1 1.72 0
47 239 1 -0.01 0
48 239 1 -1.52 0
49 239 1 -0.156 0
50 239 1 1.591 0
51 239 1 1.97 0
52 239 1 0.72 0
53 239 1 -0.9 0
55 239 0 -0.63 0
57 239 1 1.72 0
58 239 1 -1.17 0
59 239 1 -0.23 0
61 239 0 -1.78 0
62 239 1 -0.69 0
63 239 1 0.74 0
64 239 1 -0.62 0
65 239 1 -1.62 0
66 239 1 1.18 0
67 239 1 1.91 0
68 239 0 0.44 0
70 239 1 -1.096 0
71 239 1 1.32 0
72 239 1 1.437 0
73 239 0 -1.81 0
74 239 1 -1.388 0
75 239 1 0.981 0
76 239 1 1.11 0
77 239 1 1.15 0
78 239 1 -1.095 0
79 239 1 -1.54 0
80 239 1 -1.2 0
81 239 0 0.99 0
82 239 1 0.34 0
83 239 1 0.34 0
84 239 1 -0.4 0
85 239 1 -0.607 0
86 239 1 0.84 0
87 239 1 1.24 0
88 239 1 -1.74 0
89 239 0 0.132 0
91 239 1 1.37 0
92 239 1 1.81 0
93 239 1 -1.82 0
94 239 1 1.8 0
96 239 1 1.17 0
97 239 0 0.57 0
98 239 1 1.036 0
99 239 1 -0.83 0
101 239 1 -1.231 0
102 239 0 2 0
103 239 1 1.19 0
104 239 0 -0.772 0
105 239 1 -0.89 0
106 239 0 0.42 0
107 239 1 -1.72 0
108 239 1 1.73 0
109 239 1 -0.92 0
109 239 1 -0.92 0
109 239 1 -0.92 0
109 239 1 -0.92 0
109 239 1 -0.92 0
109 239 1 -0.92 0
110 239 1 1.35 0
112 239 1 -1.24 0
112 239 1 -1.24 0
112 239 1 -1.24 0
113 239 1 1.764 0
114 239 0 1.83 0
115 239 0 1.82 0
116 239 1 -1.32 0
117 239 0 -0.92 0
118 239 1 0.52 0
119 239 1 -0.26 0
120 239 1 -0.84 0
121 239 1 -1.01 0
122 239 0 -0.64 0
123 239 1 1.141 0
124 239 1 1.46 0
125 239 1 1.24 0
126 239 1 0.74 0
127 239 1 1.948 0
128 239 1 -1.105 0
129 239 1 -1.8 0
130 239 1 -0.94 0
131 239 1 -1.19 0
132 239 0 0.78 0
133 239 1 1.72 0
134 239 1 -0.24 0
135 239 1 -0.35 0
136 239 1 -0.56 0
137 239 1 -1.57 0
138 239 1 -1.67 0
139 239 1 1.25 0
140 239 1 -0.18 0
141 239 1 -0.364 0
142 239 1 0.97 0
143 239 1 -0.34 0
144 239 0 0.22 0
145 239 1 0.16 0
146 239 1 -1.55 0
147 239 1 -1.62 0
148 239 1 -1.18 0
149 239 1 -0.46 0
150 239 1 0.49 0
152 239 1 1.64 0
154 239 1 0.4 0
155 239 1 -0.877 0
156 239 1 0.18 0
157 239 1 1.255 0
158 239 1 -1.31 0
159 239 1 0.98 0
160 239 1 -1.467 0
161 239 1 1.12 0
162 239 0 0.03 0
163 239 1 -1.23 0
164 239 1 -0.66 0
165 239 0 1.26 0
166 239 1 0.54 0
167 239 0 0.998 0
168 239 1 1.07 0
169 239 1 0.64 0
170 239 1 0.84 0
171 239 1 1.349 0
172 239 1 -1.726 0
173 239 0 -0.64 0
174 239 1 -1.495 0
174 239 1 -1.495 0
174 239 1 -1.495 0
174 239 1 -1.495 0
175 239 1 0.83 0
176 239 1 -1.377 0
177 239 1 -0.92 0
178 239 1 1.446 0
178 239 1 1.446 0
178 239 1 1.446 0
179 239 1 0.55 0
180 239 1 -1.408 0
181 239 1 -1.064 0
182 239 1 -0.86 0
184 239 1 0.637 0
185 239 1 0.256 0
186 239 1 1.17 0
187 239 1 0.744 0
188 239 1 -0.9 0
189 239 1 0.79 0
191 239 1 -0.183 0
192 239 1 -1.87 0
193 239 1 -1.74 0
194 239 1 1.24 0
195 239 1 -0.08 0
197 239 1 -1.92 0
198 239 1 -1.629 0
199 239 1 1.112 0
200 239 1 -1.33 0
201 239 0 0.83 0
202 239 1 -1.04 0
203 239 1 -1.89 0
205 239 1 0.37 0
206 239 1 0.99 0
207 239 1 -1.34 0
208 239 1 -0.49 0
209 239 1 -0.07 0
210 239 1 1.14 0
211 239 1 -1.62 0
212 239 1 -1.15 0
213 239 1 0.55 0
214 239 0 1.01 0
215 239 0 -1.94 0
216 239 1 -0.02 0
217 239 1 1.48 0
218 239 1 -1.441 0
219 239 1 1.02 0
220 239 1 -1.56 0
221 239 0 0.312 0
222 239 1 1.74 0
223 239 1 1.208 0
224 239 1 -0.87 0
225 239 1 -1.574 0
226 239 1 -0.87 0
227 239 1 0.89 0
228 239 1 -0.261 0
229 239 0 -0.213 0
230 239 1 -0.491 0
231 239 0 -1 0
232 239 1 -0.79 0
233 239 1 -0.87 0
234 239 0 -0.87 0
235 239 1 1.05 0
0 240 1 1.08 0
1 240 1 0.27 0
2 240 1 1.79 0
2 240 1 1.79 0
2 240 1 1.79 0
2 240 1 1.79 0
3 240 1 1.3 0
4 240 1 0.97 0
5 240 1 0.535 0
6 240 0 0.19 0
6 240 0 0.19 0
6 240 0 0.19 0
7 240 1 -1.35 0
8 240 1 0.46 0
9 240 1 0.33 0
10 240 1 0.352 0
11 240 1 -0.871 0
12 240 1 1.15 0
13 240 1 1.14 0
14 240 1 -0.117 0
15 240 0 -1 0
16 240 1 1.61 0
17 240 0 -0.97 0
18 240 1 1.76 0
19 240 1 -0.975 0
20 240 1 0.61 0
21 240 1 1.24 0
22 240 1 -0.943 0
23 240 1 0.66 0
24 240 1 0.22 0
25 240 1 0.86 0
26 240 1 -1.35 0
27 240 1 -1.63 0
28 240 0 0.456 0
29 240 1 0.312 0
30 240 1 -0.88 0
31 240 0 -0.64 0
32 240 1 0.086 0
33 240 1 1.27 0
34 240 1 -1.9 0
35 240 1 1.195 0
36 240 1 -0.72 0
37 240 0 -1.04 0
38 240 1 -1.55 0
39 240 0 -1 0
40 240 1 -1.814 0
41 240 0 -0.987 0
42 240 1 -0.56 0
43 240 1 0.483 0
44 240 1 1.476 0
45 240 1 1.59 0
46 240 1 -0.838 0
47 240 1 0.4 0
48 240 1 1.2 0
49 240 1 -0.717 0
50 240 1 -0.48 0
51 240 1 0.534 0
52 240 1 -1.13 0
53 240 0 -1.041 0
54 240 1 0.93 0
55 240 1 1.37 0
56 240 1 -0.16 0
57 240 1 -1.59 0
58 240 1 -0.93 0
59 240 1 0.41 0
60 240 1 -1.206 0
61 240 1 1.1 0
62 240 1 1.71 0
63 240 1 1.11 0
64 240 1 -0.86 0
65 240 0 -1.01 0
65 240 0 -1.01 0
66 240 1 -0.44 0
67 240 1 -1.97 0
67 240 1 -1.97 0
68 240 1 1.43 0
69 240 1 0.26 0
70 240 1 1.718 0
71 240 1 1.81 0
72 240 1 1.13 0
73 240 1 1.41 0
74 240 1 1.82 0
75 240 1 -0.79 0
77 240 1 -0.94 0
78 240 1 1.69 0
79 240 1 -1.37 0
80 240 0 -1.17 0
81 240 1 1.29 0
82 240 1 0.3 0
83 240 0 0.56 0
84 240 1 -1.99 0
85 240 1 1.94 0
86 240 1 0.24 0
87 240 1 0.769 0
88 240 1 1.34 0
89 240 1 -1.99 0
90 240 1 0.38 0
92 240 1 -1.94 0
93 240 1 0.05 0
94 240 0 0.74 0
95 240 1 -1.9 0
96 240 1 -1.2 0
97 240 1 0.81 0
98 240 1 -0.85 0
99 240 1 0.88 0
100 240 1 0.86 0
101 240 1 1.05 0
102 240 1 -1.639 0
103 240 1 1.173 0
104 240 1 0.05 0
105 240 0 -0.88 0
106 240 1 -0.04 0
107 240 1 -1.56 0
108 240 0 -0.97 0
109 240 1 -1.19 0
110 240 1 -1.47 0
111 240 1 1.95 0
112 240 1 0.03 0
113 240 1 -0.76 0
114 240 1 0.81 0
115 240 1 -1.283 0
116 240 1 -1.227 0
117 240 1 -0.2 0
118 240 0 1.98 0
119 240 1 -0.24 0
120 240 1 0.56 0
121 240 1 -0.92 0
122 240 1 1.64 0
123 240 1 0.84 0
124 240 0 -0.58 0
125 240 1 1.39 0
126 240 1 0.18 0
127 240 1 0.34 0
128 240 1 0.53 0
129 240 1 0.12 0
130 240 1 -0.4 0
131 240 1 -0.474 0
134 240 1 1.98 0
135 240 1 0.62 0
136 240 1 1.08 0
137 240 1 1.45 0
138 240 1 0.531 0
139 240 1 0.727 0
140 240 0 0.73 0
141 240 1 -0.54 0
142 240 1 0.14 0
143 240 1 -1.88 0
144 240 1 1.463 0
145 240 1 -0.9 0
146 240 0 0.53 0
147 240 1 -0.06 0
149 240 0 1.08 0
150 240 1 -2 0
151 240 1 0.81 0
152 240 1 0.35 0
153 240 1 -1.38 0
154 240 1 1.99 0
155 240 1 -1.05 0
156 240 1 0.89 0
157 240 1 0.086 0
158 240 1 0.243 0
159 240 1 -0.66 0
160 240 0 1.1 0
161 240 1 -1.14 0
162 240 1 0.8 0
163 240 1 0.694 0
164 240 1 -1.51 0
165 240 1 1.036 0
166 240 1 1.275 0
167 240 1 1.06 0
168 240 1 1.441 0
169 240 1 -1.29 0
170 240 1 -1.109 0
171 240 1 -0.78 0
172 240 1 0.79 0
173 240 1 0.34 0
174 240 1 -0.36 0
175 240 1 -0.09 0
176 240 1 -0.99 0
177 240 0 0.23 0
178 240 1 0.15 0
179 240 1 1.9 0
180 240 1 -1.07 0
182 240 1 1.7 0
183 240 1 -1.224 0
184 240 1 -0.95 0
185 240 1 0.92 0
186 240 1 -1.08 0
187 240 1 1.384 0
188 240 1 -0.17 0
189 240 1 -1.98 0
191 240 1 0.336 0
192 240 1 0.05 0
193 240 1 1.39 0
195 240 1 -0.54 0
196 240 1 -0.982 0
197 240 1 0.914 0
198 240 1 -0.701 0
199 240 0 -1.21 0
200 240 1 0.71 0
201 240 1 -0.227 0
202 240 1 1.03 0
203 240 1 -0.73 0
204 240 1 1.69 0
205 240 1 1.65 0
206 240 1 0.5 0
207 240 1 -1.2 0
208 240 1 0.91 0
209 240 1 -0.2 0
210 240 1 -1.62 0
211 240 1 1.5 0
212 240 1 1.31 0
213 240 1 -1.31 0
214 240 1 0.2 0
215 240 1 1.58 0
217 240 0 -0.34 0
218 240 1 2 0
219 240 1 -0.94 0
220 240 1 -0.86 0
221 240 1 -0.76 0
223 240 1 -1.83 0
224 240 1 0.99 0
225 240 1 -1.49 0
227 240 0 -0.725 0
228 240 1 -0.15 0
229 240 1 1.77 0
230 240 0 0.183 0
231 240 1 1.314 0
232 240 1 -0.71 0
233 240 1 1.65 0
234 240 1 -0.36 0
235 240 1 -1.58 0
236 240 1 1.02 0
0 241 1 1.643 0
1 241 1 -1.628 0
2 241 1 -1.02 0
3 241 1 1.45 0
4 241 1 0.29 0
5 241 1 -0.05 0
6 241 1 -1.93 0
7 241 1 -0.76 0
8 241 1 -0.802 0
9 241 1 -1.8 0
10 241 1 -0.21 0
11 241 1 -1.41 0
12 241 0 -0.521 0
13 241 1 1.951 0
15 241 1 1.36 0
16 241 1 -1.306 0
17 241 1 -0.072 0
18 241 1 -0.64 0
19 241 1 1.24 0
20 241 1 -0.42 0
21 241 0 -1.692 0
22 241 1 0.49 0
23 241 1 0.45 0
24 241 1 -1.161 0
25 241 1 -1.71 0
26 241 1 0.38 0
27 241 1 -1.44 0
28 241 1 1.41 0
29 241 1 -0.23 0
30 241 1 -0.86 0
31 241 1 -0.842 0
32 241 1 0.11 0
33 241 1 0.61 0
34 241 1 1.43 0
35 241 0 -0.91 0
36 241 1 1.057 0
37 241 1 0.54 0
38 241 1 0.52 0
39 241 1 -0.5 0
40 241 1 0.81 0
41 241 1 -1.31 0
42 241 1 1.91 0
43 241 1 0.78 0
45 241 1 0.14 0
46 241 0 -1.75 0
47 241 1 -0.42 0
48 241 1 -0.297 0
49 241 1 0.59 0
50 241 1 -0.25 0
51 241 1 1.37 0
52 241 1 0.72 0
53 241 1 -0.53 0
54 241 0 -1.51 0
55 241 1 -1.511 0
56 241 1 -0.248 0
57 241 0 0.321 0
58 241 1 -0.61 0
59 241 1 1.98 0
60 241 1 -0.44 0
61 241 1 1.09 0
62 241 1 -0.874 0
63 241 1 1.745 0
64 241 0 1.27 0
65 241 1 0.564 0
66 241 1 0.07 0
68 241 1 0.16 0
69 241 1 -1.239 0
70 241 1 1.035 0
71 241 1 0.93 0
72 241 1 1.67 0
73 241 1 -0.787 0
74 241 1 0.05 0
75 241 1 1.82 0
76 241 1 -0.55 0
77 241 1 -0.716 0
78 241 1 -1.16 0
79 241 0 0.97 0
80 241 1 -0.62 0
81 241 1 0.259 0
82 241 1 0.51 0
84 241 1 0.52 0
85 241 0 -0.7 0
86 241 1 -0.961 0
87 241 1 0.38 0
88 241 1 0.78 0
89 241 1 -1.23 0
90 241 1 -0.258 0
92 241 0 -1.5 0
93 241 1 0.79 0
95 241 1 -1.32 0
97 241 1 -1.67 0
98 241 1 0.04 0
99 241 1 -0.75 0
100 241 1 0.54 0
101 241 1 1.518 0
102 241 1 1.61 0
103 241 1 -1.37 0
104 241 1 -1.55 0
105 241 0 1.91 0
106 241 1 -0.523 0
107 241 1 0.94 0
108 241 1 -0.83 0
109 241 1 -1.95 0
110 241 1 1.65 0
111 241 0 1.05 0
112 241 1 -0.24 0
113 241 1 -0.99 0
114 241 1 -0.32 0
115 241 1 0.44 0
116 241 1 0.144 0
117 241 0 -2 0
118 241 1 -0.58 0
119 241 1 1.16 0
120 241 1 0.418 0
122 241 0 -0.593 0
123 241 1 1.696 0
124 241 0 -1.57 0
125 241 1 -0.82 0
126 241 1 1.05 0
127 241 1 0.27 0
128 241 1 -1.89 0
129 241 1 0.455 0
130 241 0 0.6 0
131 241 0 0.807 0
132 241 1 1.02 0
133 241 1 -1.513 0
134 241 1 -1.1 0
135 241 1 0.06 0
136 241 1 0.39 0
137 241 1 0.36 0
139 241 1 -0.37 0
140 241 1 1.04 0
141 241 1 -0.88 0
142 241 1 0.895 0
143 241 1 1.63 0
144 241 1 -0.527 0
146 241 1 -1.61 0
147 241 0 -1.318 0
148 241 1 0.48 0
149 241 1 -0.454 0
150 241 1 0.817 0
151 241 1 -0.7 0
152 241 1 -0.2 0
153 241 1 1.25 0
154 241 1 0.25 0
155 241 1 -1.04 0
156 241 1 -1.52 0
157 241 1 1.48 0
158 241 1 1.01 0
159 241 1 -1.025 0
160 241 1 1.11 0
161 241 0 0.916 0
162 241 1 -0.04 0
163 241 1 1.73 0
164 241 1 0.64 0
165 241 1 1.05 0
166 241 1 0.85 0
167 241 1 1.99 0
168 241 1 1.05 0
169 241 1 1.45 0
171 241 1 0.623 0
172 241 1 1.4 0
173 241 1 0.41 0
174 241 1 -0.02 0
175 241 1 -0.837 0
176 241 0 -0.011 0
177 241 0 0.527 0
178 241 1 0.84 0
179 241 0 -0.84 0
180 241 1 -0.33 0
181 241 1 0.08 0
182 241 1 0.93 0
184 241 1 -1.84 0
185 241 1 -0.95 0
187 241 1 -1.41 0
188 241 0 1.1 0
189 241 1 -1.01 0
190 241 1 1 0
191 241 1 0.95 0
192 241 1 0.07 0
193 241 1 -0.08 0
194 241 1 0.01 0
195 241 0 1.95 0
196 241 1 -0.87 0
197 241 0 0.48 0
198 241 1 1.78 0
199 241 1 1.4 0
200 241 1 -0.787 0
201 241 1 1.469 0
202 241 1 2 0
203 241 1 1.29 0
204 241 0 -0.07 0
205 241 1 0.27 0
206 241 1 1.93 0
207 241 1 0.61 0
209 241 1 0.88 0
210 241 1 1.29 0
211 241 1 -1.675 0
213 241 1 1.13 0
214 241 1 -0.454 0
215 241 1 -0.902 0
216 241 1 1.67 0
218 241 1 -1.97 0
219 241 1 1.66 0
220 241 1 1.711 0
221 241 1 0.71 0
222 241 1 0.06 0
223 241 0 -1.66 0
224 241 1 0.27 0
225 241 1 -0.34 0
226 241 1 -1.068 0
227 241 1 -0.43 0
228 241 1 0.522 0
229 241 1 0.61 0
230 241 1 0.12 0
231 241 1 -1.9 0
232 241 1 0.757 0
233 241 1 1.6 0
235 241 1 -1.888 0
236 241 1 -0.27 0
43 251 1 -0.85 0
175 251 1 0.12 0
187 251 1 0.64 0
202 251 1 0.27 0
202 251 1 0.27 0
202 251 1 0.27 0
212 251 0 1.15 0
212 251 0 1.15 0
212 251 0 1.15 0
212 251 0 1.15 0
212 251 0 1.15 0
251 238 1 0.24 0
82 272 1 0.32 0
82 272 1 0.32 0
82 272 1 0.32 0
272 238 1 -1.81 0
60 293 1 1.91 0
60 293 1 1.91 0
60 293 1 1.91 0
95 293 1 -1.71 0
154 293 1 1.95 0
154 293 1 1.95 0
154 293 1 1.95 0
154 293 1 1.95 0
293 239 1 -1.71 0
132 294 1 -0.3 0
138 294 1 -1.32 0
163 294 1 -1.04 0
163 294 1 -1.04 0
163 294 1 -1.04 0
11 295 1 -0.68 0
84 295 1 -0.47 0
295 239 1 -0.68 0
83 300 1 0.33 0
83 300 1 0.33 0
300 241 1 0.33 0
66 317 1 -0.05 0
128 317 1 -0.72 0
136 317 1 1.606 0
141 317 1 0.46 0
206 317 1 -1.76 0
218 317 0 1.9 0
317 238 1 0.46 0
234 321 1 1.668 0
321 241 1 1.668 0
327 239 1 1.95 0
327 239 1 1.95 0
47 345 1 1.72 0
345 237 1 1.72 0
113 358 1 0.21 0
216 358 1 1.47 0
358 237 1 1.357 0
205 362 1 -0.57 0
362 237 1 -0.57 0
196 395 1 0.01 0
229 395 1 1.87 0
232 395 1 -0.49 0
395 238 1 0.149 0
5 401 1 1.04 0
48 401 1 0.83 0
226 401 1 -1.53 0
401 240 1 -1.53 0
181 414 1 -1.968 0
181 414 1 -1.968 0
181 414 1 -1.968 0
414 237 1 -1.968 0
89 415 1 0.67 0
415 237 1 0.67 0
77 439 1 0.64 0
126 439 1 -1.32 0
327 439 1 -0.9 0
439 238 1 0.64 0
114 441 1 0.74 0
149 441 1 0.97 0
220 441 0 -1.23 0
226 441 1 1.43 0
441 238 1 -1.23 0
54 442 1 -0.87 0
442 239 1 -0.87 0
183 449 1 -2 0
449 241 1 -2 0
0 466 1 1.34 0
52 466 1 -1.856 0
52 466 1 -1.856 0
148 466 0 -0.22 0
158 466 1 -0.33 0
466 240 1 -0.1 0
22 508 1 0.912 0
69 508 1 -1.397 0
186 508 1 -1.32 0
196 508 1 -1.46 0
508 239 1 -1.837 0
14 529 1 0.8 0
529 241 1 0.8 0
91 533 1 -1.4 0
533 241 1 -1.4 0
56 534 0 1.89 0
62 534 0 1.13 0
67 534 1 -0.4 0
32 548 1 1.8 0
128 548 1 -1.43 0
144 548 1 -0.56 0
145 548 1 0.57 0
155 552 1 0.3 0
174 552 1 1.88 0
552 237 1 1.88 0
19 557 1 0.75 0
557 238 1 0.35 0
25 575 1 -1.44 0
42 575 1 1.44 0
198 575 0 -1.6 0
233 575 1 -1.64 0
575 237 1 -1.44 0
91 586 1 1.84 0
171 586 1 -1.404 0
586 240 1 1.84 0
586 557 1 1.19 0
68 589 1 -1.18 0
181 589 1 -1.49 0
181 589 1 -1.49 0
589 240 1 -1.49 0
68 592 1 -0.26 0
592 237 1 -0.26 0
31 594 1 -0.36 0
94 594 1 -0.66 0
594 241 0 -0.66 0
594 441 1 1.17 0
594 441 1 1.17 0
60 616 1 -0.6 0
60 616 1 -0.6 0
60 616 1 -0.6 0
616 239 1 -0.6 0
0 625 1 -0.892 0
0 625 1 -0.892 0
96 625 0 0.271 0
204 625 1 -0.06 0
294 625 1 -1.91 0
625 239 1 -0.06 0
183 659 1 1.537 0
659 239 1 1.429 0
8 675 1 -0.27 0
675 238 1 -0.27 0
31 676 1 1.11 0
67 676 1 -0.34 0
124 676 1 -0.282 0
676 241 1 -0.616 0
46 681 1 -1.78 0
126 681 1 -1.27 0
170 681 0 0.115 0
681 241 1 1.74 0
681 592 1 -0.76 0
706 237 0 -1.35 0
706 362 1 -0.7 0
54 709 1 0.43 0
55 709 1 -0.14 0
162 709 0 -0.209 0
709 237 0 0.43 0
194 714 1 -0.16 0
317 714 1 1.34 0
709 714 1 0.69 0
186 717 0 -0.92 0
717 241 1 -0.92 0
45 721 1 0.16 0
70 721 1 -0.3 0
721 238 0 -0.036 0
721 594 1 1.1 0
111 757 1 -1.98 0
111 757 1 -1.98 0
111 757 1 -1.98 0
757 239 0 -1.98 0
153 764 1 1.84 0
153 764 1 1.84 0
153 764 1 1.84 0
153 764 1 1.84 0
153 764 1 1.84 0
153 764 1 1.84 0
153 764 1 1.84 0
764 239 1 1.84 0
158 771 1 -0.16 0
236 771 1 1.771 0
548 771 1 0.57 0
548 771 1 0.57 0
548 771 1 0.57 0
548 771 1 0.57 0
548 771 1 0.57 0
771 241 1 0.57 0
133 773 0 1.38 0
773 237 0 1.38 0
232 781 1 -0.02 0
781 238 1 -0.02 0
57 790 1 1.59 0
790 240 0 -0.53 0
534 799 1 1.89 0
799 239 1 1.89 0
94 806 1 -1.81 0
105 806 1 1.89 0
806 272 1 -1.81 0
806 790 1 -1.42 0
151 812 1 -1.66 0
812 239 1 -1.635 0
18 816 1 -0.42 0
208 816 1 1.802 0
222 816 1 1.056 0
816 241 1 -0.126 0
96 827 1 -0.79 0
190 827 1 -0.85 0
827 240 1 -0.85 0
17 828 1 -0.96 0
79 828 0 -0.68 0
88 828 1 -1.35 0
203 828 1 -0.97 0
828 706 1 -1.35 0
10 830 0 1.397 0
830 238 0 1.397 0
830 238 0 1.397 0
830 238 0 1.397 0
190 873 1 -1.99 0
873 239 1 -1.99 0
873 721 1 -0.46 0
873 721 1 -0.46 0
34 889 0 -0.8 0
34 889 1 -0.8 0
34 889 1 -0.8 0
217 889 1 -1.45 0
17 891 1 1.601 0
17 891 1 1.601 0
17 891 1 1.601 0
62 891 1 1.82 0
106 891 1 -1.76 0
891 238 1 1.603 0
44 904 0 -1.82 0
55 904 1 0.38 0
66 904 0 -0.17 0
395 904 1 -0.71 0
904 241 1 -1.82 0
62 944 1 -1.851 0
62 944 1 -1.851 0
62 944 1 -1.851 0
62 944 1 -1.851 0
62 944 1 -1.851 0
62 944 1 -1.851 0
62 944 1 -1.851 0
944 237 1 -1.98 0
212 949 1 0.25 0
714 949 1 -0.16 0
949 240 1 -0.16 0
949 240 1 -0.16 0
949 240 1 -0.16 0
949 240 1 -0.16 0
949 240 1 -0.16 0
949 889 1 -1.05 0
96 961 1 -0.43 0
961 241 1 -0.43 0
191 962 1 -1.37 0
212 962 1 -0.59 0
962 241 1 -0.329 0
184 972 1 -0.895 0
972 238 1 -0.895 0
47 979 1 1.18 0
47 979 1 1.18 0
47 979 1 1.18 0
222 979 1 -0.802 0
229 979 1 0.95 0
229 979 1 0.95 0
229 979 1 0.95 0
229 979 1 0.95 0
979 240 0 -0.72 0
979 709 1 -0.512 0
172 992 1 0.44 0
992 237 1 0.44 0
89 1010 0 1.82 0
1010 238 0 1.82 0
90 1035 1 -1.45 0
1035 239 1 -1.45 0
8 1044 1 0.03 0
8 1044 1 0.03 0
294 1044 1 -0.3 0
1044 240 1 -0.3 0
1044 240 1 -0.3 0
3 1098 1 -1.33 0
1098 237 1 -1.33 0
69 1145 1 -1.12 0
1145 239 1 -1.353 0
1145 239 1 -1.353 0
1145 239 1 -1.353 0
69 1207 1 -1.4 0
69 1207 1 -1.4 0
69 1207 1 -1.4 0
69 1207 1 -1.4 0
69 1207 1 -1.4 0
1207 237 1 -1.4 0
51 1209 1 0.2 0
51 1209 1 0.2 0
51 1209 1 0.2 0
51 1209 1 0.2 0
51 1209 1 0.2 0
51 1209 1 0.2 0
51 1209 1 0.2 0
51 1209 1 0.2 0
51 1209 1 0.2 0
51 1209 1 0.2 0
51 1209 1 0.2 0
138 1209 1 -0.51 0
1209 241 1 -0.51 0
1209 241 1 -0.51 0
1209 241 1 -0.51 0
81 1222 1 -0.86 0
111 1222 1 -1.9 0
111 1222 1 -1.9 0
121 1222 0 -0.45 0
717 1222 1 1.36 0
1222 238 1 -0.86 0
100 1275 0 0.68 0
177 1275 0 0.76 0
1275 239 0 0.68 0
76 1447 0 -0.53 0
76 1447 0 -0.53 0
76 1447 0 -0.53 0
76 1447 0 -0.53 0
76 1447 0 -0.53 0
1447 790 0 -0.53 0
1447 790 0 -0.53 0
1447 790 0 -0.53 0
1447 790 0 -0.53 0
1447 790 0 -0.53 0
1447 830 1 0.51 0
1447 830 1 0.51 0
1447 830 1 0.51 0
1447 830 1 0.51 0
1447 830 1 0.51 0
1447 830 1 0.51 0
1447 830 1 0.51 0
1447 830 1 0.51 0
1447 830 1 0.51 0
133 1451 0 -1.13 0
133 1451 0 -1.13 0
133 1451 0 -1.13 0
133 1451 0 -1.13 0
133 1451 0 -1.13 0
1451 240 0 -1.079 0
1451 240 0 -1.079 0
1451 240 0 -1.079 0
107 1458 1 -0.924 0
107 1458 1 -0.924 0
107 1458 1 -0.924 0
107 1458 1 -0.924 0
107 1458 1 -0.924 0
107 1458 1 -0.924 0
107 1458 1 -0.924 0
107 1458 1 -0.924 0
107 1458 1 -0.924 0
107 1458 1 -0.924 0
107 1458 1 -0.924 0
1458 237 1 -0.924 0
1458 237 1 -0.924 0
1458 237 1 -0.924 0
11 1460 1 0.376 0
11 1460 1 0.376 0
11 1460 1 0.376 0
11 1460 1 0.376 0
11 1460 1 0.376 0
11 1460 1 0.376 0
11 1460 1 0.376 0
132 1460 1 -1.09 0
1460 238 1 0.29 0
1460 238 1 0.29 0
1460 238 1 0.29 0
181 1469 0 1.8 0
1469 238 1 1.8 0
216 1470 1 -1.6 0
534 1470 1 0.64 0
1470 240 1 -1.6 0
52 1480 1 -1.5 0
186 1480 1 -1.62 0
1480 272 1 -1.5 0
13 1483 1 1.62 0
1483 681 0 1.62 0
121 1552 1 0.62 0
1552 241 1 0.62 0
889 1636 1 -1.322 0
1636 241 1 -1.322 0
236 1720 1 1.95 0
1720 327 1 1.95 0
